1085
2020
3970
5765
8027
10844
15211
18954
22406
31328
31905
34277
40517
41804
47196
53022
63544
63983
79227
103436
107120
95692
94735
101574
108866
117717
125167
136751
141641
152796
168319
168910
193746
193120
200140
209641
221474
229821
248377
260602
299364
289654
295114
307866
316868
328884
339991
354563
383740
386858
404074
419589
439923
452234
465820
484855
497722
515120
532802
550225
570472
586108
595238
619409
627644
643220
677425
694725
701330
719142
735941
757518
784821
797618
822516
861341
864328
890187
911246
932214
954847
973775
990814
1014302
1041902
1060372
1089937
1120197
1132953
1160619
1188764
1204571
1236916
1268554
1300856
1310941
1346213
1374600
1398793
1419159
1440526
1473119
1525570
1524939
1551535
1577817
1639843
1645574
1679381
1696257
1738956
1759680
1785379
1812856
1857325
1878620
1910974
1948781
1993459
2004946
2084810
2125424
2103293
2138051
2175998
2196296
2246179
2281812
2303838
2340088
2376825
2418809
2446063
2495627
2513019
2561006
2613853
2629353
2688913
2724759
2755342
2784234
2815399
2855735
2903991
2953797
2973495
3014712
3056996
3118169
3140427
3169632
3221870
3254315
3311947
3338001
3399014
3535045
3481495
3520594
3558578
3608251
3645604
3707624
3750166
3801895
3821186
3871918
3911768
3964001
4021096
4103600
4237570
4170393
4187130
4251451
4286315
4321400
4376567
4411777
4469788
4521005
4566544
4613648
4657677
4706888
4787375
4810838
4876837
4906478
4958297
5010240
5051927
5129817
5175734
5225078
5268961
5323501
5396078
