1359
2103
3554
6129
8418
10854
15566
19533
21946
23734
27637
34232
38084
41388
47000
51806
57566
76483
78693
75143
81541
88667
94693
102581
109538
117503
126797
132761
141260
150665
159849
168839
181835
189077
198491
208709
219903
229136
240173
252235
276965
277669
288455
300624
313958
330369
351375
351948
374179
387737
411049
443544
438282
452189
460214
469258
488233
501072
533326
543576
572114
580233
604580
611630
638912
655469
722969
714638
697541
718241
735553
757074
777969
800223
816096
841171
871787
879071
907935
929050
955052
975937
997788
1014290
1032885
1059967
1104139
1127583
1141043
1154704
1184299
1207417
1239752
1251537
1277264
1311206
1328494
1359848
1393202
1415484
1441519
1462136
1494205
1532255
1553861
1581725
1622994
1653546
1676308
1709594
1732260
1763966
1798751
1833596
1847500
1892064
1926544
1953814
1984288
2018706
2040350
2084295
2110499
2151881
2171940
2214461
2243335
2280153
2318278
2346800
2380618
2419724
2453073
2495750
2531007
2577862
2599142
2632550
2687809
2714866
2759802
2944689
2855758
2871400
2909494
2944647
2979330
3041979
3073704
3103228
3167119
3192631
3220931
3266725
3308762
3354928
3385007
3458752
3467139
3516752
3574334
3608605
3640942
3697995
3731042
3796150
3824007
3871068
3913193
3958743
4020784
4048890
4111431
4142881
4170883
4228901
4281797
4335307
4378507
4418259
4449344
4527016
4558133
4608580
4686201
4721145
4781095
4829750
4878588
4927985
4972101
5035103
5080676
5143503
5268430
5248942
5293147
5330260
5399545
