941
1720
3114
5195
7536
9612
12208
15525
19689
25950
29080
36352
39419
40786
45351
52803
57029
65216
69447
76131
82310
89262
96058
107115
111451
118969
139952
135449
144573
153028
162852
172620
181556
191272
201931
217557
225743
235576
247759
256667
269234
282708
295572
305760
320503
332955
344659
363705
380739
395908
401638
420435
432295
448710
467202
485006
504147
514322
529037
546643
574602
580750
598762
620207
636708
651839
672155
693508
711200
740719
754805
767762
789919
810426
827481
861963
883718
903892
921006
935894
961633
984473
1015733
1051690
1089249
1089166
1110747
1134613
1155202
1196249
1209227
1229678
1253706
1273151
1308117
1328101
1353457
1399148
1406908
1437528
1458790
1489505
1515868
1542760
1576350
1598916
1643133
1661802
1692432
1725894
1766515
1776179
1811548
1839880
1874281
1904492
1934244
1969658
2009977
2041347
2064370
2093813
2141375
2165568
2197105
2233116
2268576
2303295
2342146
2390499
2406258
2450873
2482177
2515976
2556980
2581673
2631157
2659341
2696611
2740998
2783494
2842882
2854449
2892293
2934482
2971958
3008126
3040408
3092341
3321971
3184572
3239235
3269719
3296242
3338988
3374743
3432944
3453335
3506622
3544096
3591852
3647412
3688229
3738109
3765789
3806287
3840834
3903685
3937365
4009215
4029529
4080128
4130122
4165218
4226231
4345897
4317932
4376228
4404492
4451194
4510716
4545301
4634720
4651096
4707421
4764331
4808772
4862065
4902835
4944081
5002080
5073532
5122067
5154148
5230883
5260522
5319955
5362367
5435614
